28,1
28,3
3,1
3,3
<<<<<<< Updated upstream
10,166
10,92
10,110
10,272
10,266
10,108
10,90
11,6
11,17
9,7
9,6
9,4
8,10
8,9
8,14
8,8
8,17
=======
10,122
10,210
10,248
10,106
10,128
10,174
10,124
9,7
9,4
9,6
8,18
8,14
8,15
8,7
8,17
8,9
>>>>>>> Stashed changes
20,3
20,2
20,1
19,3
19,2
19,1
12,3
12,2
12,1
11,30
11,29
11,28
11,27
11,26
11,25
11,24
11,23
11,22
11,21
11,20
11,19
11,16
11,15
11,11
11,10
11,8
11,7
11,5
11,4
11,3
11,2
11,1
10,315
10,314
10,313
10,312
10,311
10,310
10,309
10,308
10,307
10,306
10,305
10,304
10,303
18,1
10,302
10,301
10,300
10,299
10,298
18,3
10,297
<<<<<<< Updated upstream
18,1
=======
>>>>>>> Stashed changes
